79153969821
701 30 38 39
504 97 59 59
507 36 71 71
550 13 71 13
557 51 21 51
552 50 35 15
706 69 18 00
501 51 85 21
393485149916
775 32 32 12
509 53 33 99
7 996 938 57 32
553 63 45 05
500 08 01 53
559 83 14 83
709 46 14 63
7 953 151 76 34
703 51 72 58
704 44 27 39
554 10 50 46
770 48 48 25
555 70 81 00
778 51 82 67
773 33 98 33
778 90 12 17
779 12 82 42
551 56 44 00
706 19 38 30
221 42 55 19
755 41 11 82
702 02 76 10
7 902 677 83 72
8 996 358 13 17
700 25 03 97
505 61 42 27
556 03 20 02
755 05 55 74
779 70 32 70
706 56 52 52
709 44 44 01
501 59 85 51
550 14 89 89
7 999 553 34 57
501 36 72 98
223 23 74 31
220 09 43 29
7 917 287 92 75
222 09 06 09
709 81 84 82
709 45 46 88
704 14 88 08
554 40 45 30
706 43 96 15
557 18 28 18
779 11 94 11
703 41 89 39
705 11 57 87
557 50 11 00
771 14 04 94
772 31 21 44
774 78 52 56
700 78 50 52
708 43 74 14
706 68 75 30
558 30 28 40
8 775 656 14 04
558 20 50 67
220 01 04 07
553 51 47 16
501 12 62 62
707 17 27 38
501 47 44 71
755 11 12 05
553 98 68 18
779 31 45 33
773 25 03 04
557 72 72 24
7 936 240 90 76
700 40 17 97
772 12 06 08
707 17 27 38
707 37 31 23
505 85 25 36
706 90 77 41
700 41 32 11
703 26 61 86
500 79 20 30
755 02 01 81
704 29 38 04
221 53 61 92
771 12 00 39
707 06 19 37
227 38 26 38
705 17 17 25
707 10 08 21
771 19 88 26
707 33 93 63
709 23 81 99
703 92 79 22
554 34 11 13
556 47 68 66
552 74 14 04
770 73 36 36
555 71 17 38
704 74 99 24
707 82 61 44
706 40 05 52
999 91 00 60
709 91 94 67
709 74 85 81
228 80 17 20
999 93 33 03
708 60 78 45
552 30 31 48
706 80 18 80
552 59 04 01
220 26 69 38
8 926 438 93 80
778 66 79 62
707 39 33 21
504 55 57 19
509 88 42 42
707 31 29 22
501 23 97 03
707 06 19 37
705 17 17 25
82 10 9620 1678
7 961 761 58 82
7 936 523 77 77
7 916 087 00 98
551 04 68 04
708 60 84 32
995 96 96 46
779 20 13 03
224 24 01 04
508 74 62 43
773 04 00 94
776 99 06 29
704 44 14 47
703 30 10 97
500 44 06 66
36 70 753 4852
700 61 27 17
550 59 16 16
554 35 00 00
227 31 31 54
770 75 72 02
222 15 13 10
704 44 14 47
777 52 22 28
777 30 09 12
995 66 69 96
880 88 30 88
703 22 17 67
704 68 78 26
870 0675 38 20
971 56 135 3628
7 925 154 99 35
708 51 18 49
550 09 38 73
555 59 55 05
552 46 55 52
707 12 52 22
227 96 27 27
707 39 33 21
770 46 95 55
225 85 98 85
552 61 02 12
502 05 60 95
501 50 64 96
755 35 96 15
228 05 05 99
776 14 55 23
706 26 44 11
551 55 57 79
90 542 340 34 67
221 43 11 98
7 977 538 60 53
778 00 70 02
7 985 744 00 58
558 22 07 01
703 39 40 64
702 77 07 97
550 50 07 30
779 35 57 94
755 73 82 73
501 60 39 30
555 63 95 45
553 35 52 52
220 40 90 21
228 00 02 57
550 14 02 91
776 04 41 49
707 40 54 86
755 00 09 98
773 98 34 34
220 08 56 25
501 17 85 13
995 46 43 00
778 08 88 98
508 92 92 04
507 17 95 96
709 11 22 00
550 65 75 83
771 74 58 74
502 60 54 55
702 57 46 21
500 79 20 30
706 17 56 71
776 00 60 05
555 05 85 41
553 04 94 04
502 02 84 48
770 63 06 31
224 24 01 04
709 61 79 00
700 22 55 70
772 62 53 71
708 84 91 96
779 71 90 70
707 06 19 37
770 73 36 36
551 90 70 65
502 51 43 23
500 66 66 15
554 94 12 08
509 53 33 99
7 989 046 36 26
8 991 568 38 32
707 70 85 02
706 09 14 28
704 54 56 87
774 47 47 20
551 20 13 21
501 00 76 76
551 20 13 21
507 60 31 14
7 964 753 83 88
228 73 62 13
990 01 13 05
999 21 05 93
7 977 745 49 76
502 66 66 18
552 60 99 00
704 02 28 28
778 13 84 34
49 176 84870733
706 17 56 71
500 97 42 43
703 26 61 86
773 76 00 00
501 20 07 38
777 10 55 41
7 929 999 39 68
705 59 78 59
554 78 70 70
550 65 12 12
704 63 95 63
703 22 17 67
505 02 01 23
770 02 50 86
778 98 98 24
770 73 36 36
552 60 99 00
559 67 92 22
999 91 92 09
702 08 11 16
995 11 11 00
706 01 52 68
999 93 33 03
501 17 79 23
971 58 307 4355
500 63 00 05
709 59 57 24
703 41 17 74
500 44 42 00
990 67 67 19
773 22 49 89
706 16 63 00
7 915 294 07 24
7 991 573 50 63
555 88 76 18
706 53 01 01
776 13 04 67
501 21 91 96
778 24 49 04
49 1577 8695038
999 77 75 80
552 64 54 14
501 21 91 96
551 45 11 12
778 72 19 88
551 53 11 53
558 02 92 92/558 28 09 81
556 22 72 82
709 34 82 18
772 36 44 38
557 77 70 69
508 77 78 86
771 93 74 43
707 61 79 79
707 12 63 81
222 27 42 05
7 771 453 78 01
774 01 95 53
755 46 33 46
705 27 20 05
755 85 25 45
507 91 02 00
502 55 47 98
502 12 00 03
559 95 87 95
551 50 05 26
706 03 43 67
500 85 48 88
708 71 71 18
554 06 30 63
776 12 05 01
501 11 96 32
704 68 78 26
770 05 71 71
707 01 04 17
505 96 96 37
707 37 31 23
220 86 66 05
703 82 51 51
220 28 88 04
500 24 64 52
707 41 11 11
998 77 53 30
709 57 01 01
552 51 51 84
772 12 06 08
504 24 44 40
507 68 80 24
708 89 43 31
706 41 95 44
708 26 33 03
7 999 961 55 01
770 24 05 00/221 22 03 99
999 95 02 01
223 17 90 17
708 82 89 47
559 44 24 34
500 16 30 32
558 51 08 00
558 60 03 70
709 72 32 65
999 19 90 28
228 91 67 41
704 29 38 04
755 09 91 96
220 35 02 33
998 55 56 00
558 48 46 43
550 00 17 05
555 60 60 04
557 04 09 18
776 45 08 54
755 62 01 01
707 87 12 11
779 27 00 00
770 71 95 95
502 18 20 06
552 31 08 20
557 17 28 48
701 55 32 34
502 77 15 91
777 54 16 49
702 41 42 38
774 95 57 33
775 32 10 00
702 92 50 60
500 09 05 00
709 41 88 55
755 65 30 65
555 58 07 08
550 59 15 55
501 53 70 25
997 27 07 05
709 46 37 73
702 09 65 29
557 41 40 11
552 69 85 00
708 63 42 07
776 52 52 97
221 12 17 46
228 84 23 00
771 49 19 19
990 47 00 25
507 26 51 19
704 40 04 76
556 88 63 88
556 90 18 00
708 03 69 99
225 33 23 23
552 42 42 18
709 50 12 40
7 999 905 24 23
771 65 67 68
997 23 32 33
226 72 10 00
228 00 87 35
707 35 20 15
706 05 36 95
709 55 63 08
501 95 57 55
550 10 20 59
776 00 88 78
707 50 31 73
707 22 04 99
222 06 51 57
704 05 86 73
995 72 70 76
700 65 65 45
555 05 61 91
220 86 66 05
220 04 93 93
703 76 56 04
706 84 12 25
505 11 03 98
551 07 21 00
508 35 63 63
708 31 88 80
559 00 03 66
772 46 88 40
773 10 30 50
222 26 57 57
7 999 961 55 01
999 66 99 55
505 06 02 05
501 28 77 81
755 85 02 60
706 69 76 57
777 43 03 96
772 12 06 08
553 11 41 88
778 94 45 38
707 26 86 32
44 7766 119847
774 89 52 67
708 31 88 80
755 50 02 55
704 44 11 25
774 70 87 07
700 03 48 06
552 04 19 00
778 00 70 02
703 82 51 51
701 66 12 05
502 30 20 03
703 74 87 19
700 54 13 55
221 05 16 68
995 66 69 96
556 98 38 38
773 66 44 33
554 18 30 30
557 03 23 27
7 922 363 28 26
559 02 22 02
775 57 73 73
707 11 37 71
773 21 63 29
703 40 21 57
7 985 663 04 53
556 93 43 22
502 30 20 03
500 43 13 53
559 75 06 77
707 20 48 34
7 977 594 80 13
551 59 66 59
7 991 953 62 27
500 07 77 90
776 64 48 48
990 16 26 00
7 977 839 77 32
228 74 81 52
558 18 19 18
504 45 43 40
709 91 94 67
7 977 151 14 50
551 07 20 02
701 30 30 81
706 77 16 88
226 02 02 00
708 15 10 69
559 87 73 20
556 12 34 40
776 64 48 48
703 48 38 88
552 45 43 04
551 00 69 29
556 93 43 22
552 33 30 44
220 53 86 63
7 925 461 16 11
555 62 23 62
556 22 06 11
776 44 30 60
550 39 79 09
508 06 48 24
554 42 63 42
700 16 18 02
701 31 32 30
222 30 85 63
551 88 85 53
708 11 45 22
702 08 55 91
995 70 10 10
990 71 11 71
997 89 12 34
502 21 17 07
990 64 60 67
772 22 07 09
558 41 46 42
558 44 00 83
553 24 60 70
553 04 94 04
779 12 51 87
773 02 46 72
776 26 02 05
998 99 904 90 00
708 25 42 85
777 00 57 14
706 29 84 08
709 88 50 00
707 40 95 68
555 80 15 64
708 15 29 46
773 88 39 88
702 44 20 44
706 41 95 44
552 66 66 30
502 50 49 49
555 84 52 94
999 36 30 35
555 19 85 10
556 52 00 41
559 88 78 18
707 06 19 37
7 925 567 00 59
507 87 87 15
500 39 25 25
220 60 07 88
772 22 07 09
707 11 12 15
770 34 41 41
773 70 46 71
500 47 39 47
228 71 66 05
706 24 75 80
553 82 00 37
221 60 60 65
554 09 19 96
555 75 06 50
705 79 93 59
778 92 03 50
554 05 09 20
554 99 56 99
779 00 54 56
509 69 31 31
557 34 35 00
555 28 20 20
558 76 91 00
779 83 83 44
552 32 75 00
709 42 82 06
778 72 78 78
700 28 26 85
502 24 24 81
702 07 38 51
707 11 18 09
556 11 42 42
7 923 578 52 37
7 926 981 25 72
771 56 17 87
553 83 23 20
702 91 95 94
706 21 89 44
555 55 82 56
555 82 08 02
706 21 89 44
220 60 48 20
755 79 27 79
552 54 11 35
509 63 63 17
550 47 47 57
552 10 38 77
708 84 91 96
704 02 28 28
220 64 80 45
703 16 60 79
703 79 95 20
990 82 00 67
709 83 53 96
776 32 98 01
558 07 07 87
990 82 42 32
703 46 18 96
221 60 60 65
709 91 60 03
44 7470 605482
553 09 90 01
504 36 44 11
550 64 65 00
708 88 14 17
227 98 57 57
554 53 53 09
770 93 09 93
772 38 37 07
550 90 95 47
557 21 19 97
707 31 05 31
990 50 06 83
773 13 09 90
501 00 00 04
220 69 66 32
552 80 05 70
771 44 27 11
709 70 80 01
555 87 78 67
508 23 23 04
707 13 20 17
227 98 57 57
774 17 59 68
709 99 16 19
559 33 23 37
220 17 40 14
772 66 24 83
703 79 95 20
700 14 91 95
509 14 74 74
228 02 41 31
228 70 74 29
771 55 82 12
999 19 12 30
990 19 03 05
704 15 97 44
7 960 989 88 94
7 996 686 74 20
507 19 41 99
7 977 772 81 66
703 89 61 21
703 21 32 32
507 10 20 04
49 178 4329114
708 12 35 06
777 20 02 18
500 07 73 47
501 78 20 24
778 88 02 66
220 04 93 93
709 00 50 17
7 708 419 7718
509 13 85 12
777 77 80 92
776 03 53 00
554 43 56 43
707 22 49 27
223 20 74 74
228 91 85 86
779 24 97 54
8 926 677 39 71
999 99 16 32
995 92 10 08
700 78 50 52
500 07 73 47
771 03 56 36
7 926 599 11 27
707 06 19 37
701 23 60 66
504 71 71 93
552 67 85 67
502 53 44 36
505 85 25 36
502 51 43 23
702 52 38 38
703 50 61 14
774 17 76 25
704 75 77 82
507 70 07 37
507 02 07 80
553 53 41 41
776 40 04 50
551 77 63 73
556 91 03 78
7 999 964 40 68
552 93 77 73
220 02 24 45
501 80 01 86
701 66 12 05
992 917 77 7462
7 977 621 97 43
706 05 57 29
772 93 00 26
555 93 93 86
703 67 66 17
551 73 68 77
508 05 01 02
550 90 20 90
709 23 81 99
7 902 751 95 09
995 88 84 16
509 19 90 24
500 43 13 53
709 54 20 87
558 03 20 30
777 06 39 82
501 62 92 05
997 87 24 92
554 85 86 65
555 88 49 88
554 44 00 61
709 60 41 28
709 01 16 58
779 27 00 00
974 5027 31 43
703 92 79 22
706 32 29 66
559 95 33 39
7 952 235 07 60
7 995 935 54 46
995 14 55 55
555 15 74 75
776 09 67 47
554 90 90 49
707 11 12 15
220 15 64 98
557 17 00 60
707 81 00 35
500 78 40 20
505 80 55 52
707 47 58 59
702 05 83 26
990 00 41 15
772 07 00 00
998 73 83 73
776 67 09 76
708 57 74 05
999 01 19 93
990 40 13 39
559 99 23 77
705 88 80 81
228 73 02 07
777 37 86 20
553 68 06 26
507 56 56 98
779 69 00 68
558 18 09 94
509 90 34 90
555 80 23 26
773 07 05 15
222 85 07 09
550 82 83 58
773 04 11 94
550 87 20 90
507 02 32 22
553 34 10 10
7 925 698 99 57
557 33 33 14
771 71 77 70
505 12 32 58
556 90 59 08
770 44 60 44
706 28 22 18
555 88 48 36
777 01 24 05
550 55 75 65
999 19 11 86
771 13 10 90
554 01 90 00
771 36 60 40
777 48 98 72
509 22 20 37
221 52 09 63
707 11 37 71
7 921 409 25 57
226 76 81 81
990 11 77 00
228 91 58 81
7 747 300 3423
990 67 11 67
508 05 05 78
777 72 74 29
557 11 11 46
553 68 06 26
773 96 54 04
995 94 00 20
772 00 10 77
999 66 99 06
552 30 04 21
774 69 97 64
558 44 89 44
551 99 95 32
555 70 25 09
708 24 99 33
755 08 25 41
82 10 2649 1990
773 21 63 29
7 936 263 41 76
557 11 11 46
502 88 87 22
999 99 95 90
501 28 06 79
771 88 88 66
222 04 44 66
777 01 24 05
502 25 23 12
776 19 09 52
556 09 95 95
556 10 33 90
49 1511 1096609
370 629 41
551 99 95 32
222 77 70 01
700 99 91 41
7 915 142 92 87
552 20 05 87
228 75 02 39
551 10 17 27
709 98 40 26
776 09 06 30
7 994 433 31 07
995 11 11 00
552 41 82 60
557 28 06 61
507 57 70 54
990 80 09 90
777 70 35 93
997 33 88 36
502 47 99 24
7 776 325 29 24
7 996 317 32 06
508 40 00 50
550 22 70 01
556 38 38 75
555 27 49 92
755 97 77 77
705 21 09 00
771 20 10 98
221 11 01 11
7 977 289 71 31
34 648 97 60 83
507 59 77 71
502 45 73 96
507 72 66 42
709 19 20 00
770 44 60 44
700 99 91 41
990 55 03 81
997 90 10 10
7 909 728 91 26
777 66 76 00
990 22 88 87
551 28 28 77
559 99 82 00
7 999 040 38 20
554 07 08 59
995 02 94 94
555 82 00 41
771 38 22 52
557 34 35 00
507 14 77 21
552 33 33 54
7 994 004 00 35
7 981 045 92 41
703 58 92 04
7 966 280 14 99
772 86 12 54
554 04 78 44
776 28 10 99
557 07 45 47
708 18 53 71
220 06 65 90
707 81 00 35
774 90 09 89
703 95 09 51
705 15 05 04
554 71 61 11
774 94 11 94
501 17 19 65
708 75 90 69
703 75 63 33
700 04 24 44
773 70 46 71
703 94 13 03
7 996 317 32 06
778 24 76 25
702 91 95 94
779 61 68 90
555 03 02 82
550 95 00 02
222 76 03 45
550 04 13 04
708 61 88 19
755 50 17 17
551 37 78 80
7 968 402 26 17
974 5570 2466
554 02 20 72
700 39 99 22
774 85 32 95
7 977 011 10 73
706 54 31 98
227 27 20 00
705 03 16 00
772 20 07 86
779 25 41 24
558 11 01 25
552 24 12 03
220 88 88 92
508 08 65 50
222 04 08 96
999 86 09 99
555 75 05 09
995 05 99 99
779 69 00 68
555 45 75 94
551 11 13 26
771 33 49 33
222 10 70 71
998 17 27 37
220 28 15 54
550 33 07 08
702 69 97 77
223 51 51 79
7 999 871 84 39
777 36 36 53
554 88 88 98
776 00 96 66
990 82 42 32
502 40 38 47
559 08 81 80
998 90 149 44 02
550 76 60 50
550 24 24 64
770 17 85 55
227 00 00 92
774 69 97 64
36 70 618 3420
82 10 2649 1990
228 80 12 47
999 02 11 16
774 17 67 10
990 20 02 04
773 39 98 58
700 02 60 52
701 30 30 78
776 66 66 42
7 980 496 56 39
52 81 4134 7069
774 29 79 74
772 61 23 03
708 17 11 00
505 43 67 67
772 40 40 14
709 62 33 05
709 66 31 46
507 33 85 85
220 01 99 99
773 05 77 10
709 75 82 82
705 20 46 46
558 88 84 77
223 90 04 04
880 30 06 04
709 61 79 00
553 18 00 85
501 55 00 30
223 24 24 45
222 03 53 56
706 99 18 73
220 21 22 22
220 83 00 63
778 28 94 63
504 13 96 02
7 930 075 91 47
222 28 42 40
707 52 31 10
776 65 49 36
7 952 209 19 10
773 15 53 03
709 84 62 06
7 985 395 66 03
553 18 00 96
776 66 28 34
707 31 05 31
222 07 05 74
505 24 00 77
557 63 63 27
707 45 05 45
705 42 25 26
778 14 20 64
7 963 667 70 99
778 16 18 35
999 60 05 24
777 42 69 93
776 51 61 71
707 26 89 36
701 70 16 94
558 73 73 53
554 34 20 22
755 05 05 13
774 05 54 54
995 71 70 01
995 75 40 75
550 70 09 54
755 36 25 14
220 86 02 41
776 83 13 29
707 02 46 66
555 00 89 97
880 88 96 88
704 95 82 19
504 15 06 03
995 01 41 41
990 48 81 00
222 26 57 57
508 29 04 02
559 18 20 05
221 15 05 16
555 00 43 91
504 67 86 67
508 92 99 66
550 22 12 45
220 01 04 07
220 04 93 93
700 26 78 44
701 16 00 41
221 18 17 07
554 10 00 18
558 88 87 57
999 15 15 44
225 85 98 85
705 01 05 45
703 40 23 54
700 25 61 31
774 25 79 17
707 63 11 37
507 07 70 04
222 09 06 09
773 49 46 50
703 40 23 54
755 54 42 51
708 18 98 37
777 15 90 70
707 07 60 50
995 52 42 62
708 13 49 45
701 75 70 75
776 13 47 57
706 71 82 06
222 24 36 24
220 96 29 96
559 49 00 94
502 35 95 87
555 65 99 66
551 72 44 11
220 09 05 21
778 55 78 49
7 999 057 78 24
707 29 29 19
553 57 05 75
778 28 28 59
557 07 77 26
705 01 05 45
222 09 06 09
220 58 29 29
222 41 30 47
771 33 38 04
7 909 654 20 25
704 52 54 23
222 06 12 90
995 00 96 53
504 22 21 05
501 50 64 96
778 53 38 37
227 57 57 74
225 85 98 85
700 10 03 26
704 44 27 39
704 88 03 41
701 16 00 41
779 96 60 88
778 40 92 94
7 995 607 82 61
227 38 26 38
990 68 68 34
558 60 40 38
774 67 72 80
557 14 00 80
227 10 15 05
220 86 02 41
7 963 667 70 99
7 999 057 78 24
706 66 65 70
707250505
556343534
553386665
557991012
703984442
501180410
500331603
220031136
554883009
770475888
554317777
552888844
553303019
559788184
776808521
707141111
500595947
221541818
550940094
556495605
507772171
771050402
771194749
999409012
708620550
509077769
709609689
995107500
220000111
550206520
551311163
551763606
554960020
554969632
559171818
776434348
550037715
778582521
772419706
702945302
557670201
772338033
776464636
557065906
550408040
220604820
705373744
772259009
500373832
778800855
774082665
551070794
773913595
773030702
509506500
707182222
700899611
704811177
708202945
554284885
500290487
778322784
700249281
709266510
555683121
558300033
708217868
507639266
779848459
704850058
778680220
778110691
550090167
556060605
552010999
551862020
550539374
557499494
776102657
501147351
557368064
777999224
776525232
508680404
703791237
700541355
778922081
559507300
774564507
707243577
555600414
705926192
501960009
708120325
779323263
500255583
774021205
777529068
502888977
550679888
507081125
707257757
770164992
702311300
509039966
555951755
708414850
778882867
79990577824
703846991
505728080
709366721
706544669
508380777
779811807
770460606
700633521
774928342
220151005
557722761
706029825
508215423
990077475
755070006
702805371
706219534
708221739
779230449
706014899
704032477
700875813
779941602
222505005
550477732
509691212
550021122
995574157
559868481
776300039
773268874
509990961
550001064
552770106
550540144
700979930
222187135
501019177
778158337
507680011
770485057
220282800
776151598
708432288
220092354
555811064
990182016
707351538
999673747
703732519
555033430
79309949695
553335300
770979706
778253020
999991911
708344987
777222666
772949396
79266266032
+998913666970
502400502
220628256
708304530
995808818
706690287
772339686
559700777
557622636
708022598
778148309
704799242
707568091
505823435
220782434
774302004
990525248
508215423
995277377
771216404
779728036
707797677
703887997
772009021
774183807
220126694
702190077
707257605
550160575
774120505
771438696
220750903
555311011
79778142710
755782526
709533237
774177804
778380031
554097071
554787871
550035311
550507858
550212423
550979800
556200125
79775385548
776829104
779977477
709313059
559039889
708658899
559884500
509101904
552596252
702385858
220025626
708938882
708882298
774184677
501075413
709834074
776659565
220176787
995025050
707485534
552310820
508012424
708141927
553028027
779907628
990422207
990120908
79919304125
709248443
501312552
990888919
79260102607
551932424
775010161
509031705
557011805
553200509
999777958
501879292
776504901
5530312053
550606363
558050015
704951998
755775774
709076798
557606056
555723252
551625762
777438607
776306629
555225517
777421776
555225177
774804645
775660550
771177617
771444624
999858025
223050808
773113868
220706191
79296540714
79856389081
79030731023
702941404
707913092
221152000
79309631897
755556707
706098086
703640390
89969742847
773635930
507686742
555569636
700048777
222160900
776179418
222916262
704151010
507558314
771513082
705003606
500207001
502083630
550504901
79167394118
558111415
778580050
702296463
558111418
556606676
509010080
500722161
774602204
776130114
990100646
702927779
558646438
555757906
775919156
755271627
502210200
79267560320
773938545
552887997
222381625
559949980
999090545
557519889
509320623
709856692
774230313
778252211
777989488
õ821096201678
709761337
222381641
772717462
79309402324
559009704
771109443
500166126
999224141
508010501
999322202
708217848
702020371
500316723
555500088
559993161
704960916
79912322021
550150127
772171007
555454439
705098008
558084852
776760505
995807380
990820067
553333149
990009481
220742000
709735637
997959534
507744820
999151544
558040429
õ6282341808479
709373851
505417676
771802006
705545554
777202062
778758483
508858314
707287010
771232996
502186883
700795776
777006033
226031503
755817717
556139090
995445454
559111116
995151500
553250720
555033773
777104640
778168000
771000088
709207977
776173583
507759836
708976479
553070748
559578777
79616117295
502629595
709609689
700550268
79252062367
507468624
504012233
778545462
507263302
703971006
777849501
553941903
778131278
558242438
504144544
776522598
550060501
779546826
706647755
504243344
703020202
508874466
708896312
776761659
559514440
553610703
500800170
774060772
777770014
704957687
79209172822
778048103
776281818
552030415
551808583
558877297
558485836
502010800
556040442
990001609
508380777
779532260
778001956
773076619
501054869
79384897639
507484802
771614490
707866097
708180161
507417374
559594949
770420008
773486182
774870010
557969633
706738049
707250936
777796985
771507127
502127532
709748669
701990018
771342324
505116115
773693774
707104044
507903652
709662904
509099910
501066610
703420850
552555019
557709873
706034592
990599515
221555565
704761142
779330997
507348035
702639941
559392909
552055098
559303738
551188825
557232371
995620060
703503939
709609325
0779912323
0553119121
0770494089
0700164762
0555502044
0559818171
0507010520
0507178002
0771847315
0700303678
0709525293
0776658043
0553175757
79999209750
0700199916
0779355759
0700241822
0772926048
0771837014
0554174777
0502033664
0770685319
0554640060
0555511525
0999737320
0504717149
0706077195
0554451010
0706166300
0999669906
0995585814
0222122225
0500686838
0501080209
0709544303
0558155666
0554005503
0705674040
0706077195
0555998881
0777210452
0222455310
0776331733
0708259740
0221528976
0224040301
0990343469
0779260904
0559081019
0703820650
0772924612
0504749374
0773837743
0702078423
0773610245
0778089046
0706277473
0556241822
0507124828
0502180977
0773081901
0552146445
05054075770
0704045753
0778148309
0550408040
0556964664
0706277473
0220236285
0779308574
0507253318
0509566566
0556302252
0501019177
0708142646
0500940314
0776654865
0709970881
0509989990
0555557855
0707644187
0556949402
0700322423
0778695830
0559997491
0559707713
0507124828
0709833816
0776421616
0777267972
0700379897
0558161984
0220059393
0507112353
0777112840
0702160880
09971582024195
0771392268
0773378476
0504838315
0779685370115
0556266780
0220850582
0706046314
0551747104
0771140494
0779837576
0755916111
0551337040
0704441749
0771729265
0755155502
0558030998
0777877833
0708274660
0222041288
0550383383
0778184210
0703805922
0709517242
0778673670
0556999649
0702099942
9309169143
0553151721
0772772853
0223232333
0778082540
0705553435
0704808508
0774258106
0772667333
0776622227
0755010305
0778560091
0706743438
0777214631
0556573600
0221070750
0555065706
0778051734
0558162984
0708387437
0551673105
0704102006
0779414875
0220603111
0999730080
0222332800
0558929285
0557707092
0771805682
0555011168
0776993430
077688453
0707952826
997679797
0558029292
0554000151
0551686962
0504565684
0771953595
0550102704
0773087300
0558954595
79990960821
0773171097
89262056925
0777350101
821058136662
0778533633
0220961818
0550565940
0554180525
0555706470
0505004998
0704184421
0708143862
0550504901
0708742417
0556020273
0552906760
0558009095
0704054652
0221070750
0553152133
0557871797
0704176281
0554640060
0555441162
0999910770
79260838810
0502242028
0709545505
0776430404
0709761069
0555572767
0706904667
0220150704
0554857950
0709638389
77073068449
0755707169
0559191691
0507121560
0709504303
0557111699
0777303025
0703395342
0707351538
0771199334
0773472127
0995170402
0704200913
0706077195
0707055115
0778263458
0776291092
0755555886
0550445445
0773180695
0708176265
0557737574
0552979784
0773180695
0500031703
0709851222
0708761526
0220725535
0779162898
0505147676
0774564507
0773053375
0776670921
0220162171
0990630020
0776830083
0557158887
0771902004
0704563737
0555170709
0507173308
0552979784
0507411215
0226069898
0557111699
0702078423
0708319667
0700807307
0770488696
0707104044
0771090944
0773030702
0776065696
0555100035
0770150237
0555706470
0558927931
0773030702
0507519692
0558302558
0550350808
0778913824
0776026702
0779990003
0779299192
0771970847
0770255518
0703303142
0550893818
0222676771
0708176265
0990903750
0504796622
0507028002
0220295382
0772342098
0775989391
0776147528
0703607855
0702212050
0502846480
0990078004
0708097146
0507404690
0778913824
0995986898
0999011112
0776565781
0777191432
0704929347
0707946418
0777112840
0507070414
0773822906
0775555886
0555261660
0228929292
0505333173
0507028002
0772642143
0771189190
0558300816
0706992269
0709205055
0704822200
0990515175
0223353563
0555750595
0500311444
0774806464
771812213
550002664
772754656
552605555
551855597
504130103
704563737
771902004
508748888
556650010
705432545
220874943
773200320
708142646
773034948
708611945
700095949
555689666
505110504
558661020
557384858
773032188
707480920
703014399
559177617
777104618
557440094
702035260
551099950
509575701
557088030
776554435
997491549
551855597
550808187
220604820
709722767
777339853
508006447
997491549
707366648
702609004
556336396
709726627
700757498
221931093
509090963
221613005
755291029
776026702
773822906
79017253151
554007649
550317335
707351538
550350808
778913824
552085768
779990003
779299192
771970847
770255518
703303142
550893818
771189190
990211140
504012233
555750595
704929347
772684529
776105498
551017671
755555886
507081125
555261660
507070414
777112840
990078004
708097146
507404690
995986898
999011112
776565781
777191432
707946418
502846480
700220150
995363642
778761001
556333364
707216721
552020007
999021002
501645424
223303093
776766013
777051098
554830010
774258383
774013599
772380036
79969720204
703440834
778876568
505004998
703898989
708777462
773839518
504717149
550003204
556606368
774870010
775290105
704929347
779867036
776612939
706332652
550857506
703961144
706400562
556495605
771868120
552100925
221508445
702236020
222166968
706408086
222555014
709504303
505240299
554311300
703434219
701689595
995110911
508958865
709144003
706077202
558009386
707376601
79998318455
551724411
79019077141
552762676
557291990
755076207
557170060
79851182911
778279272
995242920
700031919
776029797
772270076
558888082
555489214
555716995
556394222
709756904
505349404
777336668
779791748
558050531
556753330
703021218
702822888
553151592
555659966
705052001
500604418
704172851
79017498057
707240107
708070703
755555050
703740950
707631101
700693365
220049289
79067958724
501256584
558050531
990961808
999981101
551020824
779242177
501256584
500180005
447955371396.
558031311
226080870
220791638
774122300
554941208
755555886
708459797
502130901
772670949
999322202
990600960
706506050
500421777
700112324
557523727
778729865
552000317
559810037
771165551
89777933531
556107710
555056191
707866605
779260904
550712120
776148803
778092906
990078004
551026670
704222539
708392375
990319191
4915510090656.
707631101
507472500
551026670
557888709
557030527
550077609
557444454
502290066
557888709
990545454
550078989
559998282
557011035
706077202
558031311
772228592
778223248
554999632
774564507
507410000
755252559
997990097
708136442
772525546
779161677
501277712
705115787
552798988
995449292
507410000
507576292
704294326
553572175
553572175
700633521
558999034
220846018
502676781
507041454
559778803
777492562
555630631
500555812
559694447
778088898
999007171
79303080428
550980208
79219940410
558212924
224989864
222596979
556394222
700157997
550250052
778137298
557864486
755302305
779223711
702249034
773667405
502111150
779726400
550444491
771333804
755555050
703598328
779276244
552900506
704740060
222014919
554444250
707262607
550509150
554055145
556596556
778534313
504758888
79090084090
501910020
707253573
755788880
708557091
778903234
550898902
779121223
220522936
770309530
774464141
755555050
700508666
771582015
777268393
553181103
554055508
705969615
778860434
708027055
702946262
779274545
559442434
999000874
79684597994
707036073
704073295
79219940410
550080286
779919181
706155552
227722220
508744528
779919181
79912768137
709692404
704073295
771109905
79032372052
702444895
771320001
557853030
559700777
79997174355
552000023
500207085
224473737
990909023
79911251656
79252227705
773238528
507120822
776100586
220000287
220247195
505972095
79296302645
79175159414
507009200
703656619
559555582
999880889
226393970
773327960
709501435
222763512
220819595
701337818
552344040
708816895
700000894
551555564
779223711
778892404
777700014
771423737
706305096
222330337
559100154
79778700175
755555050
702924124
550075904
777666877
771758651
707216969
555000966
557864486
504790007
505852288
700011281
550919112
79670652699
558888091
507179596
221055001
772235323
501189246
704704933
774745624
771051956
556566222
505191203
777099797
772462260
556596556
507338585
999988880
704890931
708902843
706910473
772218846
79994455363
79963457956
554147074
509651515
707151630
708859933
554012900
771238476
776511020
700823722
778579457
79096300717
707996299
557744453
220890144
779028076
79654440383
79161331051
221131386
773622020
*4917673008036*
17738924485
502001184
700855571
999246924
776848460
997171727
551434043
223090997
507277756
700216721
507515134
779313198
550242464
990990405
704446499
558745100
222459498
779022012
554920092
706163188
990278727
702161313
550116698
552991175
508865025
558555639
704641449
559121612
703202223
500299004
709604128
509222383
553444450
550991094
703285515
995620060
706111121
703598328
222556070
997060623
997060684
554008150
774911912
700667800
508086412
779276241
502211958
775262641
502206048
778050512
707044154
551845046
777754646
555979901
554989879
223656593
509599341
552686506
220066578
222024913
777902009
502612312
778727564
550252579
504244440
709550731
508981307
500008003
553493929
777040915
502611051
554517000
778209721
770481996
709048041
997556648
500059425
777580668
704959623
770310552
505150583
224731777
779088283
770455845
755220204
773339764
774200912
998707706
501070403
778145093
703198594
501011628
551999970
702880233
557032609
555041293
777772797
554005212
779683719
773250703
707154442
999008670
704164953
500171893
556476866
554060750
774072700
999988880
551001402
700519494
990251104
79663369302
776559555
704744030
551877746
703510650
555811163
220920960
703956633
709499404
777152950
707273946
226050603
774731023
556050131
771712004
708120325
707243577
225245124
700354319
501070050
500193138
501251688
708545430
507291595
707273095
555420056
509256868
707240103
771017707
771017707
222168653
552373711
222939492
555030200
700291197
706979719
509292129
550272721
507700737
700073521
709364432
500001255
778260195
700596158
755989391
773406558
700630077
776211205
222024107
551995558
999101691
556626862
420606815019
500100059
700372874
79255605142
778092906
703896428
708653620
773094590
778903234
708142011
704449353
555021998
227504050
709900911
703050567
222417441
999303085
709831735
555510117
556112259
703031027
507715758
775433131
550244044
770090505
508777762
504201323
774124694
705925151
778134290
700418671
755000998
770344136
222240702
500792030
771725531
776990849
225022727
704294326
778150975
778105960
554746430
755810010
550661525
776300039
558101203
997666669
557779444
505111190
557573798
504200374
999515107
700433215
702822020
708437414
702225394
556441881
779324443
700060922
500470076
703485451
558874387
500783978
772833703
715020181
4915204248346
552214140
779395000
778233315
225059700
706665618
222061802
703131802
771304286
773665520
225850009
971545746988
971504219672
779782931
79309595066
778166564
221206165
221148718
221090265
555675553
220802302
507422601
770303093
550835215
774414352
555553100
709016622
700463664
553441115
550000228
220112324
755818218
551440208
770630631
700180606
772953295
500271275
507989700
79254490799
228941355
705257272
500088798
508022700
709386363
502401393
221122362
228943040
773556698
222350233
17738287865
706438443
774928342
772221481
220500654
771002500
708006735
554545557
554010711
705821313
552050050
773655451
709011658
705901601
500520051
702262005
997313161
703660030
779815373
221018790
773566156
707125222
999956695
773477082
778111603
777050551
501572576
707189920
997676782
755616227
706028366
504112505
700259970
774330004
707834306
220716392
224125112
554105046
227010041
778392828
709748955
771607651
555242013
220756025
551046801
508863619
772287115
509434366
79097365937
555182342
779270000
551336303
502541510
771921020
772797056
708232237
509053535
226100104
774745624
706028366
552216152
559178020
776147639
700502702
707379447
227272000
501296996
700236812
705252277
500493200
700240742
999077273
502083450
551157704
502246362
559754583
221050539
79689516000
509400025
703200038
773480007
502861586
709517097
774604563
773030923
559578777
500873487
220055050
770019656
509929896
220775777
502607876
227010041
700612717
702146165
772191783
703273737
776449520
772191783
79263533585
500379596
555559891
700612717
556606676
990975551
700196347
775090501
556838354
777872006
771563434
778168000
995320205
505119611
508355356
556291291
771845564
708727782
700654480
771401154
505620212
775220900
508863656
700430201
818061119651
79891566707
77756219832
507007459
700204344
707918111
700204344
704869560
551363263
220080858
79160888954
709330426
555595505
779013969
79644547803
559249444
220297397
502502405
755829282
772991201
771970847
777872006
79537929773
221150516
700022190
221900909
79965451282
709535335
706393630
708176265
220004123
220727212
700930115
779284613
777737507
999161595
224032303
707584014
559647474
79778877063
500004402
79135729366
79779768213
702911994
508981307
393664508920.
703555305
501003570
770647197
79772745793
502117893
557101107
508252655
704832001
504082030
220186818
79684806407
502223241
778049748
778503039
79247685879
709386093
501023336
79247685879
700298777
776489868
709595551
777554105
778085171
509929896
502520002
706599431
997240609
79505495000
778333898
79670938239
999999295
999999295
779917999
555208131
755970761
222822722
703729465
998757558
773231823
706718206
773231823
507054104
704880387
706033401
507284308
552756550
557965767
550162696
771745874
504115110
501520087
556298778
709810909
500419474
703014553
500225282
704048276
502514323
222216974
990080603
501627105
703374544
220063841
550657583
990801113
222760345
552006645
507790024
550015255
558587458
706910473
706000086
703033275
79027519509
221023636
709873379
709989467
556142005
555960018
777312001
706542158
502194814
706696839
559099449
702500457
776941006
772777002
555820802
504115110
707794141
755121313
706314222
707030626
551188281
700240742
999878482
705155315
550035311
778757777
704524940
770127360
509090699
509900605
550373737
550353530
779200128
552610412
709872230
227707064
772444062
706689319
550933319
550933319
223223746
501589496
776134757
990202720
702729832
500001022
554666536
705113344
706401070
550174848
2220325269
755709709
508064824
707960051
551078407
223656593
554422269
700097650
551020824
773080101
755040199
551500865
999909250
998999095
779960703
556551555
557248248
555972908
990202720
554422269
700918252
79260011986
755979992
999030984
507508383
705593293
553221800
505100101
504542424
508223300
554151118
709969431
773578585
554455752
552250055
700107366
37062699260
559024302
225186418
966570643978
501404074
554060191
551470081
222240224
708381382
999777698
772289994
700563291
502149053
559111988
777673326
773323238
509181404
771589159
755393987
501200738
709734685
50000484
707727387
225212160
559555514
700074133
553100013
501519799
554818105
228842290
700851717
995260902
550532755
775524242
770270619
706002001
772506262
709639102
755878086
502651195
502215728
999131314
706343646
551188368
772660637
706296438
706365847
227123457
773800202
553238807
772409049
778040421
990402555
555636308
999999895
706801880
550303090
559921111
700031552
502021296
550754075
555946060
553333797
995551071
222541455
990001297
702227403
501436605
550075175
703538800
555702509
709756178
705075075
995199981
702200246
772903232
556066506
500130020
700579882
777666996
770241999
557182818
508855797
708849196
999282800
707600445
502056095
708437414
558148282
556171403
755500213
552256555
501405757
507121310
550800158
702380000
771233207
556520041
709348218
558825988
552100925
507464136
0704293804
755620101
700463664
700656545
773920606
778064228
228842300
704957151
502130709
557000976
220170887
701890689
554633312
508816807
550063727
777882707
551738177
79775731335
558600370
775159898
990470025
502605455
501076798
706171027
777308544
777086116
554997050
505018688
706687530
555012124
504180896
553383811
999045050
700630077
776211205
708892225
557727224
221238925
772237395
998198098
228934752
708201652
558140780
706501727
550970100
708895863
773103050
79250874014
505060205
706841225
557408700
755507055
551229950
220715758
226646064
702176233
508672291
775467575
773529337
905363950272
999777580
709550731
552231303
500055520
779138664
220350233
770503000
509222387
225898963
552041900
707878318
774708707
703443450
553577772
707244724
550292954
707113771
702469168
508064824
999270505
772220709
990556310
555240896
706276272
551296629
779449230
779065106
771390188
708663461
222748003
772612303
706697657
79147671565
556934322
502149053
704108810
79099319312
557776479
220020936
971521235281.
770252513
554393232
552262403
558009095
771775748
501540718
501225398
558414642
708927668
700337372
555501210
501412883
708254285
999363035
779857070
556088010
704794570
550474757
507366207
500011111
779215675
705666916
557970208
558272731
705120325
553181103
558735858
552607070
773610245
551573820
552541135
708694554
776626292
755792779
501510078
779365151
771121081
709275388
79691142072.
776538303
703461896
550279241
556441044
773664433
505660053
552607070
551860630
706298408
707310531
79309593170.
776383707
227985757
998914844355.
556564600
707094339
220600788
550422442
558809020
777797762
778651496
508972822
554641222
997505051
507844304
227575774
770025086
555622362
224240406
559182005
223242445
704931407
770277661
550505131
755212149
550990935
990545454
997700737
509110206
704030794
998032005
507690848
556180850
558502505
555004391
225222121
990400777
504115110
701161689
990141453
706905786
552868647
501412899
708267419
708491232
778533687
703582740
500440666
776821847
222024913
706214582
505981415
557777769
755979873
772376796
556140798
7066944761
555864111
502995535
990686834
755102030
220137830